configs/core-0101(65, 66, 67, 68, 69, 70, 71, 73, 74, 75, 76, 77, 78, 79, 81, 82, 83, 84, 85, 86, 87, 89, 90, 91, 92, 93, 94, 95, 97, 98, 99, 100, 101, 102, 103, 105, 107, 108, 113, 114, 115, 116, 117, 118, 119, 120, 121, 122)
configs/edge-0001(65, 66, 67, 68, 69, 70, 71, 101, 73, 74, 75, 76, 77, 78, 79, 102, 104, 103)
configs/aggregation-0201(65, 66, 67, 68, 69, 70, 71, 73, 74, 75, 76, 77, 78, 79, 81, 82, 83, 84, 85, 86, 87, 89, 90, 91, 92, 93, 94, 95, 100, 101, 102, 103, 104, 105, 106, 107)
configs/aggregation-0001(65, 66, 67, 68, 69, 70, 71, 73, 74, 75, 76, 77, 78, 79, 81, 82, 83, 84, 85, 86, 87, 89, 90, 91, 92, 93, 94, 95, 100, 101, 102, 103, 104, 105, 106, 107)
configs/core-0001(65, 66, 67, 68, 69, 70, 71, 73, 74, 75, 76, 77, 78, 79, 81, 82, 83, 84, 85, 86, 87, 89, 90, 91, 92, 93, 94, 95, 97, 98, 99, 100, 101, 102, 103, 105, 107, 108, 113, 114, 115, 116, 117, 118, 119, 120, 121, 122)
configs/core-0000(65, 66, 67, 68, 69, 70, 71, 73, 74, 75, 76, 77, 78, 79, 81, 82, 83, 84, 85, 86, 87, 89, 90, 91, 92, 93, 94, 95, 97, 98, 99, 100, 101, 102, 103, 105, 107, 108, 113, 114, 115, 116, 117, 118, 119, 120, 121, 122)
configs/edge-0100(65, 66, 67, 68, 101, 102, 103, 104, 73, 74, 75, 76, 77, 78, 79, 71, 69, 70)
configs/aggregation-0000(65, 66, 67, 68, 69, 70, 71, 73, 74, 75, 76, 77, 78, 79, 81, 82, 83, 84, 85, 86, 87, 89, 90, 91, 92, 93, 94, 95, 100, 101, 102, 103, 104, 105, 106, 107)
configs/aggregation-0300(65, 66, 67, 68, 69, 70, 71, 73, 74, 75, 76, 77, 78, 79, 81, 82, 83, 84, 85, 86, 87, 89, 90, 91, 92, 93, 94, 95, 100, 101, 102, 103, 104, 105, 106, 107)
configs/edge-0301(65, 66, 67, 68, 69, 70, 71, 73, 74, 75, 76, 77, 78, 79, 89, 90, 91, 92, 93, 94, 95, 101, 102, 103, 104)
configs/aggregation-0101(65, 66, 67, 68, 69, 70, 71, 73, 74, 75, 76, 77, 78, 79, 81, 82, 83, 84, 85, 86, 87, 89, 90, 91, 92, 93, 94, 95, 100, 101, 102, 103, 104, 105, 106, 107)
configs/aggregation-0100(65, 66, 67, 68, 69, 70, 71, 73, 74, 75, 76, 77, 78, 79, 81, 82, 83, 84, 85, 86, 87, 89, 90, 91, 92, 93, 94, 95, 100, 101, 102, 103, 104, 105, 106, 107)
configs/edge-0200(65, 66, 67, 68, 101, 102, 69, 70, 73, 74, 75, 76, 77, 78, 79, 71, 104, 103)
configs/edge-0000(62, 63, 65, 66, 67, 68, 69, 70, 71, 73, 74, 75, 76, 77, 78, 79, 81, 82, 83, 84, 85, 86, 87, 89, 90, 91, 92, 93, 94, 95, 101, 102, 103, 104)
configs/aggregation-0301(65, 66, 67, 68, 69, 70, 71, 73, 74, 75, 76, 77, 78, 79, 81, 82, 83, 84, 85, 86, 87, 89, 90, 91, 92, 93, 94, 95, 100, 101, 102, 103, 104, 105, 106, 107)
configs/core-0100(65, 66, 67, 68, 69, 70, 71, 73, 74, 75, 76, 77, 78, 79, 81, 82, 83, 84, 85, 86, 87, 89, 90, 91, 92, 93, 94, 95, 97, 98, 99, 100, 101, 102, 103, 105, 107, 108, 113, 114, 115, 116, 117, 118, 119, 120, 121, 122)
configs/edge-0201(65, 66, 67, 68, 69, 70, 71, 101, 73, 74, 75, 76, 77, 78, 79, 102, 104, 103)
configs/edge-0300(65, 66, 67, 68, 101, 102, 103, 104, 69, 70, 71, 73, 74, 75, 76, 77, 78, 79)
configs/edge-0101(65, 66, 67, 68, 69, 70, 71, 101, 73, 74, 75, 76, 77, 78, 79, 102, 104, 103)
configs/aggregation-0200(65, 66, 67, 68, 69, 70, 71, 73, 74, 75, 76, 77, 78, 79, 81, 82, 83, 84, 85, 86, 87, 89, 90, 91, 92, 93, 94, 95, 100, 101, 102, 103, 104, 105, 106, 107)